+543516524452
+543517164904
+543517622806
+543512671191
+543518173959
+543517650884
+543513220115
+5493515509856
+5493517381350
+543515213900
+543518613668
+543515473275
+543516755045
+543513138143
+543516197836
+543516659288
+543513717971
+543518736318
+543512189370
+543515377175
+543515053844
+543515515105
+543513191928
+5493513763992
+5493515071666
+543513580352
+543515572179
+543512581610
+543515315917
+543516573284
+543513936199
+543515950476
+5493516325194
+543516001931
+543516166228
+543516066873
+543512623002
+543515227056
+5493516548267
+543517416328
+543524494937
+5493512594668
+543516961618
+543516976055
+543516507753
+543512100244
+543517681129
+543512552079
+543518089357
+5493513107142
+543513982622
+543517592087
+543513741409
+543513410567
+543516705015
+543512390013
+543515298097
+543571618714
+543513937738
+543513582302
+543512484293
+543512545590
+543512332379
+543512598552
+543513429554
+543518036271
+543518937321
+543517453636
+543513390861
+543517078358
+543517737915
+543516858890
+543516783234
+543571415881
+543513494074
+5493515092517
+543512499233
+543516518484
+543512007650
+5493516892646
+543515553227
+543516423237
+543513726103
+543513781972
+543513189565
+543513670791
+543513498042
+543515305836
+543544556323
+543517538560
+543512308685
+5493517465846
+543517357252
+543515587949
+543514885669
+543512738118
+543518135553
+543517727460
+543517350555
+543513717971
+543512065630
+543512437272
+543516875623
+543517053517
+543512438459
+543513587091
+543518699893
+543513767984
+5493515072902
+543515725042
+543515475802
+543513734985
+543516877661
+543513175777
+543515103371
+543512287099
+543516508555
+543517517819
+5493516418523
+543516606413
+543517511727
+543513066077
+543513886462
+543517613989
+543515583269
+543515316272
+5493515389163
+543514595365
+543513974354
+543512385608
+543513927836
+543515060450
+543515734670
+543512176619
+543515141194
+543512523307
+543516671878
+543518060550
+543517275065
+543513208403
+543513151268
+543516531152
+543517869086
+543512031033
+543516846680
+5493512128521
+543514876522
+543514476648
+543513115571
+543512652733
+543517674576
+543516255848
+543515589772
+543512278327
+543512025596
+543516457527
+5493513069217
+5493518784843
+543513140478
+543516520144
+543512579818
+5493512130189
+543518098174
+543516215654
+543512490675
+543513647266
+543513400143
+543518807484
+543514254424
+543512405489
+543512433922
+543514663996
+543515128508
+543516300335
+543517917559
+543516236443
+543514823491
+543518001333
+543516243751
+543517320888
+543517020683
+543512054430
+5493512340062
+543543444916
+543513189850
+543516867469
+543543446333
+543517728033
+543517571328
+5493517871608
+543512300987
+5493516366504
+543512510559
+543543448645
+543516677435
+543516414377
+543512743390
+543512370975
+5493515512474
+543517424381
+543515154057
+543515089026
+5493518000331
+543518049875
+543517336722
+543513680271
+543513860085
+543512300240
+543512346485
+543512000285
+5493512777485
+543515032090
+543514825899
+5493517452180
+543512820999
+543512205428
+543515210644
+543516505987
+543513190100
+543512542582
+543518167426
+543517637990
+543512558645
+5493513894600
+543513854568